1 150.50 20.00                        
2 85.00 15.50                     
3 200.00 0.00                      
4 45.50 12.00                         
5 320.00 50.00
6 60.00 15.50
7 0.00 0.00
8 125.75 30.00
9 90.00 15.50
10 250.00 100.00
11 55.25 12.00
12 180.00 25.00
13 75.50 15.50
14 30.00 0.00
15 400.00 60.00
16 110.00 15.50
17 65.00 20.00
18 95.50 45.00
19 210.00 10.00
20 140.00 35.00
21 50.00 10.00
22 120.50 0.00
23 15.00 15.50
24 275.00 80.00
25 60.00 12.00
26 90.00 20.00
27 155.50 40.00
28 0.00 0.00
29 310.00 55.00
30 180.00 25.00